três circulos concêntricos:

 0.0001                             passo (s)
 18                                 tempo (s)
 2                                  massa m1 (kg)
 0.5                                massa m2 (kg)
 0.5                                massa m3 (kg)
 -1                                  r1x (m)       (posição da partícula 1 no eixo x)
 0                                   r2x (m)
 1.254953728                         r3x (m)                       
 0                                   r1y (m)       (posição da partícula 1 no eixo y)
 2.745046272                         r2y (m)
 0                                   r3y (m)
 0                                   v1x (m/s)      (velocidade da partícula 1 no eixo x)
 -0.366035037                        v2x (m/s)
 0                                   v3x (m/s)
 0.4593570344                        v1y (m/s)
 0                                   v2y (m/s)
 1.004783114                         v3y (m/s)
 
=-=-=-=-=-=-=-=-=-=-=-=-=-=-=-=-=-=-=-=-=-=-=-=-=-=-=-=-=-=-=-=-
 
figura em formato de "8":

 0.00001
 6.3250
 1
 1
 1
 -1
 0
 1
 0
 0
 0
 0.3471128135672417
 0.532726851767674
 0.3471128135672417
 0.532726851767674
 -0.6942256271
 -1.065453704
 

 =-=-=-=-=-=-=-=-=-=-=-=-=-=-=-=-=-=-=-=-=-=-=-=-=-=-=-=-=-=-=-=-
  
 daqui em diante colocarei algumas condições iniciais que consegui em http://numericaltank.sjtu.edu.cn/three-body/three-body-unequal-mass-movies.htm
 
 =-=-=-=-=-=-=-=-=-=-=-=-=-=-=-=-=-=-=-=-=-=-=-=-=-=-=-=-=-=-=-=-
 
 0.00001
 41.0020774214
 1
 1
 0.5
 -1
 0
 1
 0
 0
 0
 0.2131394477
 0.2536523446
 0.2131394477
 0.2536523446
 -0.8525577908
 -1.0146093784
 
 =-=-=-=-=-=-=-=-=-=-=-=-=-=-=-=-=-=-=-=-=-=-=-=-=-=-=-=-=-=-=-=-

 0.00001
 19.9858290667
 1
 1
 0.5
 -1
 0
 1
 0
 0
 0
 0.2707702758
 0.2974619413
 0.2707702758
 0.2974619413
 -1.0830811032
 -1.1898477652
 
 
 =-=-=-=-=-=-=-=-=-=-=-=-=-=-=-=-=-=-=-=-=-=-=-=-=-=-=-=-=-=-=-=-
 
 0.00001
 4.1761292190
 1
 1
 0.5
 -1
 0
 1
 0
 0
 0
 0.2869236336
 0.0791847624
 0.2869236336
 0.0791847624
 -1.1476945344
 -0.3167390496
 
  =-=-=-=-=-=-=-=-=-=-=-=-=-=-=-=-=-=-=-=-=-=-=-=-=-=-=-=-=-=-=-=-
 
 0.00001
 16.4482452694
 1
 1
 0.5
 -1
 0
 1
 0
 0
 0
 0.2057599772
 0.2910772545
 0.2057599772
 0.2910772545
 -0.8230399088
 -1.164309018
 
  =-=-=-=-=-=-=-=-=-=-=-=-=-=-=-=-=-=-=-=-=-=-=-=-=-=-=-=-=-=-=-=-
 
 0.000001
 16.5294086907
 1
 1
 0.5
 -1
 0
 1
 0
 0
 0
 0.1780039242
 0.2004919509
 0.1780039242
 0.2004919509
 -0.7120156968
 -0.8019678036
 
  =-=-=-=-=-=-=-=-=-=-=-=-=-=-=-=-=-=-=-=-=-=-=-=-=-=-=-=-=-=-=-=-
 
 0.00001
 24.7437423714
 1
 1
 0.5
 -1
 0
 1
 0
 0
 0
 0.2291294485
 0.2119828182
 0.2291294485
 0.2119828182
 -0.916517794
 -0.8479312728
 
 =-=-=-=-=-=-=-=-=-=-=-=-=-=-=-=-=-=-=-=-=-=-=-=-=-=-=-=-=-=-=-=-
 
 0.00001
 30.3858430513
 1
 1
 0.5
 -1
 0
 1
 0
 0
 0
 0.3225427028
 0.1048724883
 0.3225427028
 0.1048724883
 -1.2901708112
 -0.4194899532
 
 
 =-=-=-=-=-=-=-=-=-=-=-=-=-=-=-=-=-=-=-=-=-=-=-=-=-=-=-=-=-=-=-=-
 
 0.000001
 37.8353981553
 1
 1
 0.5
 -1
 0
 1
 0
 0
 0
 0.3095805649
 0.1012188182
 0.3095805649
 0.1012188182
 -1.2383222596
 -0.4048752728
 
  =-=-=-=-=-=-=-=-=-=-=-=-=-=-=-=-=-=-=-=-=-=-=-=-=-=-=-=-=-=-=-=-
 
 0.000001
 29.0215071279
 1
 1
 0.5
 -1
 0
 1
 0
 0
 0
 0.1644199050
 0.0637816144	
 0.1644199050
 0.0637816144	
 -0.65767962
 -0.2551264576
 
  =-=-=-=-=-=-=-=-=-=-=-=-=-=-=-=-=-=-=-=-=-=-=-=-=-=-=-=-=-=-=-=-
 
 0.000001
 28.5310959155
 1
 1
 0.5
 -1
 0
 1
 0
 0
 0
 0.0117243540
 0.3525284661
 0.0117243540
 0.3525284661
 -0.046897416
 -1.4101138644
 
  =-=-=-=-=-=-=-=-=-=-=-=-=-=-=-=-=-=-=-=-=-=-=-=-=-=-=-=-=-=-=-=-
 
 0.00001
 40.6015240363
 1
 1
 0.5
 -1
 0
 1
 0
 0
 0
 0.1282291061
 0.3649372977
 0.1282291061
 0.3649372977
 -0.5129164244
 -1.4597491908
 
 =-=-=-=-=-=-=-=-=-=-=-=-=-=-=-=-=-=-=-=-=-=-=-=-=-=-=-=-=-=-=-=-
 
 0.000001
 57.8669161621
 1
 1
 0.5
 -1
 0
 1
 0
 0
 0
 0.2540232703
 0.0883181524
 0.2540232703
 0.0883181524
 -1.0160930812
 -0.3532726096
 
  =-=-=-=-=-=-=-=-=-=-=-=-=-=-=-=-=-=-=-=-=-=-=-=-=-=-=-=-=-=-=-=-
 
 0.000001
 54.5846159117
 1
 1
 0.5
 -1
 0
 1
 0
 0
 0
 0.2935606362
 0.2168613674
 0.2935606362
 0.2168613674
 -1.1742425448
 -0.8674454696
 
  =-=-=-=-=-=-=-=-=-=-=-=-=-=-=-=-=-=-=-=-=-=-=-=-=-=-=-=-=-=-=-=-
 
 0.0000001
 37.3113944214
 1
 1
 0.5
 -1
 0
 1
 0
 0
 0
 0.1160519606
 0.0374080642
 0.1160519606
 0.0374080642
 -0.4642078424
 -0.1496322568
 
  =-=-=-=-=-=-=-=-=-=-=-=-=-=-=-=-=-=-=-=-=-=-=-=-=-=-=-=-=-=-=-=-
 
 0.0000001
 79.1849364880
 1
 1
 0.5
 -1
 0
 1
 0
 0
 0
 0.0819979788
 0.3405135958
 0.0819979788
 0.3405135958
 -0.3279919152
 -1.3620543832
 
 =-=-=-=-=-=-=-=-=-=-=-=-=-=-=-=-=-=-=-=-=-=-=-=-=-=-=-=-=-=-=-=-
 
 0.0000001
 111.7375242360
 1
 1
 2
 -1
 0
 1
 0
 0
 0
 0.6869542921
 0.6559982684
 0.6869542921
 0.6559982684
 -0.6869542921
 -0.6559982684
 
 =-=-=-=-=-=-=-=-=-=-=-=-=-=-=-=-=-=-=-=-=-=-=-=-=-=-=-=-=-=-=-=-
 
 0.0000001
 193.6334447174
 1
 1
 0.75
 -1
 0
 1
 0
 0
 0
 0.4240317938
 0.0881010520
 0.4240317938
 0.0881010520
 -1.13075145013
 -0.23493613866
 
 =-=-=-=-=-=-=-=-=-=-=-=-=-=-=-=-=-=-=-=-=-=-=-=-=-=-=-=-=-=-=-=-
 
 0.0000001
 85.0121650660
 1
 1
 0.75
 -1
 0
 1
 0
 0
 0
 0.1983164515
 0.1289228288
 0.1983164515
 0.1289228288
 -0.52884387066
 -0.34379421013
 
 =-=-=-=-=-=-=-=-=-=-=-=-=-=-=-=-=-=-=-=-=-=-=-=-=-=-=-=-=-=-=-=-
 
 0.0000001
 78.9575107005
 1
 1
 0.75
 -1
 0
 1
 0
 0
 0
 0.2688296146
 0.1181832994
 0.2688296146
 0.1181832994
 -0.71687897226
 -0.31515546506
 
 
 
